k_arr[i], or_arr[i], oi_arr[i], beta_arr[i], intrinsic freq g
0.001 0.0 0.0 0.0017297433289421807 -0.01867958442868453
0.1255 1.1215386092431952 1.0000003613065738e-12 63.36146142929778 -1.18775
0.22311111111111112 1.2044315266824266 1.0000007632216093e-12 23.887188772086088 -0.0607571702418393
0.25 1.1233670699919112 0.003703373555868445 3.9404975449278306 0
0.44522222222222224 1.384465051980383 0.02019243153051356 14.649027744048361 -0.1165841457242287
0.6673333333333333 1.5507491876091046 0.050741673988760776 11.428630822892526 -0.1830872415834841
0.8894444444444445 1.7063572028609604 0.09392124113530326 9.675275233352501 -0.2602651938750764
1.1115555555555554 1.851290361680479 0.14793574341050372 8.469081380421873 -0.34834154239048276
1.3336666666666666 1.9853251242761838 0.21011063572361552 7.540198505919566 -0.4484674571859206
1.5557777777777777 2.107310320591857 0.2795207450846111 6.761518527107648 -0.5599765968341239
1.7778888888888889 2.217912292054765 0.3567616136190679 6.0958954738889 -0.6812087234013737
2.0 2.3187912765986263 0.4421025054165959 5.52081430369373 0
