0.0 1.4999999999995 0.8660251755048993
0.16666666666666666 1.4990434597584583 1.129247960425217
0.3333333333333333 1.4958867135765153 1.3604402171504046
0.5 1.4902563682452084 1.5738244412218851
0.6666666666666666 1.4820761247778755 1.7759024183093213
0.8333333333333333 1.4714347064917992 1.9701997498718262
1.0 1.4585412532288042 2.1588524279420445
1.1666666666666665 1.4436880741540157 2.3432526643037837
1.3333333333333333 1.4272132572092497 2.52437383064275
1.5 1.409471101649087 2.7028604477555698
1.6666666666666665 1.3908053059707655 2.879316441207131
1.8333333333333333 1.3715468650331963 3.0540653675436906
2.0 1.3519910092916627 3.227387562711072
2.1666666666666665 1.332395177503147 3.399613752594826
2.333333333333333 1.3129761172089724 3.570871361432901
2.5 1.2939184929738679 3.7413863574225132
2.6666666666666665 1.27536840089647 3.9112334697271596
2.833333333333333 1.2574382507491713 4.0805469075967995
3.0 1.2402112064872972 4.2494195657302605
3.1666666666666665 1.2237453035056527 4.4179135817165225
3.333333333333333 1.2080766564112142 4.586108476990091
3.5 1.1932237130516197 4.754049293808047
3.6666666666666665 1.179190191291115 4.921769693322885
3.833333333333333 1.165969242938449 5.089344502496101
4.0 1.153540094339136 5.2567307791617335
4.166666666666666 1.1418823998937362 5.42402284241207
4.333333333333333 1.130965887921161 5.591221230825923
4.5 1.1207582078906007 5.758308976761823
4.666666666666666 1.111224365121755 5.9253432721866455
4.833333333333333 1.1023284697415234 6.092331360979418
5.0 1.0940343806352053 6.259249632169971

