0.0 0.9899920096695108 0.009992009669760516
0.16666666666666666 0.9974199930834915 0.5971371229821576
0.3333333333333333 0.989177976658438 0.8719120626973847
0.5 0.9753405919733861 1.1008467817294345
0.6666666666666666 0.9566162442752291 1.308523471244992
0.8333333333333333 0.9340163810386478 1.5038777611633987
1.0 0.9086234646938594 1.6913247335984338
1.1666666666666665 0.8814718496174633 1.8733259514640825
1.3333333333333333 0.8534696967574109 2.0513991038226322
1.5 0.8253719120570547 2.2266154411716306
1.6666666666666665 0.7977768332529331 2.3996917421451607
1.8333333333333333 0.7711259954019557 2.5711823009074073
2.0 0.7457462076416527 2.741459116351367
2.1666666666666665 0.7218370962172732 2.9108602888470436
2.333333333333333 0.6995267269772228 3.0795586800261217
2.5 0.6788550776821718 3.2477708991764342
2.6666666666666665 0.6598286836277756 3.41559592660439
2.833333333333333 0.642398637529175 3.5831353783345414
3.0 0.6264998215674934 3.750474748175965
3.1666666666666665 0.6120491936916276 3.917653559566449
3.333333333333333 0.5989465540226578 4.084738671738712
3.5 0.5870940245902087 4.25172303202131
3.6666666666666665 0.5763918851206365 4.4186470317042374
3.833333333333333 0.5667369828804572 4.585531403986998
4.0 0.558037608878391 4.752385638885412
4.166666666666666 0.5502052606414002 4.919193964901172
4.333333333333333 0.5431522418463782 5.08600639352749
4.5 0.5368052351050193 5.252793363279306
4.666666666666666 0.5310940202385821 5.41955655183904
4.833333333333333 0.5259506117010604 5.586328354538783
5.0 0.5213202849930646 5.7530890695035986

