0.001 3.122691673810655e-06 1e-12
0.16763333333333333 -0.7999190693631496 0.0016062701567398485
0.33426666666666666 -0.6023204321010869 0.03309674846709677
0.5009 -0.39141530258533197 0.12289885148728166
0.6675333333333333 -0.23419487126104843 0.24417810486293418
0.8341666666666666 -0.1162711987049533 0.3539323051266045
1.0008 -0.015212288121551842 0.44954616402118636
1.167433333333333 0.0776351298108787 0.5364444595527736
1.3340666666666665 0.16541803184207313 0.6184881438369008
1.5007 0.2495978422662443 0.6977211789236185
1.6673333333333331 0.3310106352743405 0.7755750543327593
1.8339666666666665 0.4103579727883029 0.8529844943908568
2.0006 0.488121606170203 0.9305007681405235
2.1672333333333333 0.5647133272654522 1.0084521358608318
2.3338666666666663 0.6405347836723335 1.0870633890989796
2.5004999999999997 0.7158693021897562 1.1663858285936781
2.667133333333333 0.7909518113650021 1.246477847062521
2.8337666666666665 0.8660087176520196 1.3272637870969743
3.0004 0.9411070667257612 1.4087290648491995
3.167033333333333 1.0164791757941274 1.490757575457257
3.3336666666666663 1.0920706314387585 1.5733276230974271
3.5002999999999997 1.1680199603046062 1.6563112741724875
3.666933333333333 1.2442833661303025 1.7396807046355467
3.8335666666666666 1.3209194562787099 1.823351355443896
4.0002 1.397920366395201 1.9072660734486864
4.166833333333334 1.4752589541151617 1.9914101277305007
4.333466666666667 1.5529658665652106 2.0756930280974792
4.5001 1.630997977463649 2.160113505657873
4.666733333333333 1.7093360997945486 2.244642805198847
4.833366666666667 1.7879779108451508 2.3292372884929997
5.0 1.8669006694728358 2.413877677966138
